-v true
-i coins_g
-m 20
-s 9.0
-k 15

Time taken for preprocessing: 30.506

Time taken to find minima: 1.390
Minima-finding iterations: 2
[1, 2, 3, 4, 5, 6, 7, 8, 9, 10, 11, 12, 13, 14, 15, 16, 17, 18, 19, 20, 21, 22, 23, 24, 25, 26, 27, 28, 29, 30, 31, 32, 33, 34, 35, 36, 37, 38, 39, 40, 41, 42, 43, 44, 45, 46, 47, 48, 49, 50, 51, 52, 53, 54, 55, 56, 57, 58, 59, 60, 61, 62, 63, 64, 65, 66, 67, 68, 69, 70, 71, 72, 73, 74, 75, 76, 77, 78, 79, 80, 81, 82, 83, 84, 85, 86, 87, 88, 89, 90, 91, 92, 93, 94, 95, 96, 97, 98, 99, 100, 101, 102, 103, 104, 105, 106, 107, 108, 109, 110, 111, 112, 113, 114, 115, 116, 117, 118, 119, 120, 121, 122, 123, 124, 125, 126, 127, 128, 129, 130, 131, 132, 133, 134, 135, 136, 137, 138, 139, 140, 141, 142, 143, 144, 145, 146, 147, 148, 149, 150, 151, 152, 153, 154, 155, 156, 157, 158, 159, 160, 161, 162, 163, 164, 165, 166, 167, 168, 169, 170, 171, 172, 173, 174, 175, 176, 177, 178, 179, 180, 181, 182, 183, 184, 185, 186, 187, 188, 189, 190, 191, 192, 193, 194, 195, 196, 197, 198, 199, 200, 201, 202, 203, 204, 205, 206, 207, 208, 209, 210, 211, 212, 213, 214, 215, 216, 217, 218, 219, 220, 221, 222, 223, 224, 225, 226, 227, 228, 229, 230, 231, 232, 233, 234, 235, 236, 237, 238, 239, 240, 241, 242, 243, 244, 245, 246, 247, 248, 249, 250, 251, 252, 253, 254, 255, 256, 257, 258, 259, 260, 261, 262, 263, 264, 265, 266, 267, 268, 269, 270, 271, 272, 273, 274, 275, 276, 277, 278, 279, 280, 281, 282, 283, 284, 285, 286, 287, 288, 289, 290, 291, 292, 293, 294, 295, 296, 297, 298, 299, 300, 301, 302, 303, 304, 305, 306, 307, 308, 309, 310, 311, 312, 313, 314, 315, 316, 317, 318, 319, 320, 321, 322, 323, 324, 325, 326, 327, 328, 329, 330, 331, 332, 333, 334, 335, 336, 337, 338, 339, 340, 341, 342, 343, 344, 345, 346, 347, 348, 349, 350, 351, 352, 353, 354, 355, 356, 357, 358, 359, 360, 361, 362, 363, 364, 365, 366, 367, 368, 369, 370, 371, 372, 373, 374, 375, 376, 377, 378, 379, 380, 381, 382, 383, 384, 385, 386, 387, 388, 389, 390, 391, 392, 393, 394, 395, 396, 397, 398, 399, 400, 401, 402, 403, 404, 405, 406, 407, 408, 409, 410, 411, 412, 413, 414]
[187, 180, 183, 211, 215, 207, 283, 222, 223, 195, 196, 197, 221, 219, 218, 213, 295, 225, 226, 241, 240, 275, 276, 203, 209, 243, 272, 200, 202, 305, 46, 210, 214, 229, 220, 403, 252, 245, 121, 237, 396, 256, 332, 333, 315, 413, 250, 227, 255, 228, 177, 27, 405, 249, 53, 52, 176, 51, 251, 224, 386, 309, 296, 325, 233, 235, 134, 328, 306, 302, 136, 336, 335, 280, 146, 301, 172, 303, 371, 304, 339, 340, 57, 141, 173, 389, 179, 174, 310, 390, 392, 140, 379, 319, 391, 314, 312, 313, 311, 184, 404, 367, 138, 387, 185, 380, 186, 374, 385, 384, 144, 397, 143, 381, 372, 383, 382, 377, 266, 259, 378, 388, 376, 191, 148, 194, 365, 201, 205, 401, 402, 92, 269, 271, 152, 400, 370, 320, 322, 212, 324, 95, 356, 294, 147, 270, 358, 355, 414, 151, 192, 368, 204, 257, 170, 169, 168, 166, 398, 364, 341, 342, 105, 165, 162, 163, 253, 113, 282, 117, 126, 284, 159, 369, 45, 74, 323, 217, 44, 343, 130, 86, 73, 87, 131, 160, 88, 216, 285, 326, 208, 246, 84, 346, 39, 394, 193, 334, 393, 78, 395, 347, 81, 155, 366, 362, 359, 171, 331, 357, 189, 350, 135, 353, 156, 96, 188, 206, 182, 361, 154, 100, 80, 239, 199, 101, 106, 198, 108, 107, 149, 116, 190, 158, 157, 318, 330, 236, 145, 142, 93, 175, 329, 164, 139, 115, 137, 124, 114, 150, 125, 167, 128, 133, 161, 181, 129, 132, 153, 43, 102, 308, 58, 119, 120, 33, 60, 258, 123, 30, 77, 307, 274, 321, 317, 42, 75, 83, 316, 98, 76, 26, 178, 23, 63, 97, 71, 65, 104, 25, 36, 66, 68, 99, 337, 17, 292, 291, 290, 300, 238, 242, 287, 349, 293, 231, 299, 230, 244, 289, 19, 18, 344, 232, 20, 247, 278, 298, 264, 72, 234, 297, 70, 281, 279, 79, 277, 348, 286, 288, 254, 273, 263, 265, 260, 267, 248, 89, 47, 127, 48, 91, 122, 90, 94, 261, 49, 268, 262, 103, 54, 55, 112, 111, 67, 64, 59, 118, 62, 82, 85, 69, 354, 411, 406, 412, 410, 409, 40, 41, 408, 399, 109, 110, 375, 345, 352, 363, 6, 8, 360, 327, 351, 31, 338, 38, 37, 35, 373, 34, 32, 407, 12, 15, 50, 22, 24, 21, 4, 11, 10, 5, 56, 61, 1, 29, 28, 3, 13, 7, 2, 9, 16, 14]
[1, 2, 3, 4, 5, 6, 7, 8, 9, 10, 11, 12, 13, 14, 15, 16, 17, 18, 19, 20]

Time taken to grow drains: 8.803
Number of drains: 20

Time taken to grow basins: 89.210